Node2Vec 自动训练完成
数据库: default
节点数: 719
边数: 60
选取的起点内部 vid: [271, 272, 67, 205, 270, 163, 300, 303, 65, 66, 115, 117, 118, 134, 162, 232, 234, 235, 276, 325]
随机游走条数: 100
embedding 节点数: 39
embedding 维度: 64

随机游走结果示例（前 5 条）:
[271, 13]
[271, 13]
[271, 21]
[271, 15]
[271, 15]

embedding 示例（前 3 个节点，每个只展示前 8 维）:
node=4, embedding前8维=[-0.012847229838371277, 0.008566310629248619, 0.004851328209042549, -0.0019103015074506402, -0.002067186636850238, 0.011188016273081303, -0.012957306578755379, 0.006167180370539427]
node=11, embedding前8维=[-0.0027975309640169144, -0.005454735830426216, 0.012678875587880611, -0.004047555383294821, -0.01323354709893465, -0.000957691459916532, 0.009238719008862972, -0.009700429625809193]
node=3, embedding前8维=[0.0023267152719199657, 0.004209257196635008, 0.002045242814347148, 0.0016658240929245949, -0.012791319750249386, 0.0018516163108870387, 0.009215335361659527, -0.006128774024546146]
